zxy 10 10 10
4.0000          1.2400         1.5000         0            0            0
4.0000          1.2400         4.5000         0            0            0
4.0000          1.2400         7.5000         0            0            0
4.0000          1.2400         10.500         0.0036142      0.010271       -0.0010207
4.0000          1.2400         13.500         0.0026672      0.0078002      -9.5026E-4
4.0000          1.2400         16.500         0.0018621      0.0055145      -7.6725E-4
4.0000          1.2400         19.500         0.0011842      0.0037408      -6.5003E-4
4.0000          1.2400         22.500         2.0339E-4      0.0022112      -2.5454E-4
4.0000          1.2400         25.500         7.9038E-5      0.0011669      -1.1249E-4
4.0000          1.2400         28.500         1.7943E-4      9.0362E-4      8.6747E-5
4.0000          3.7200         1.5000         0            0            0
4.0000          3.7200         4.5000         0            0            0
4.0000          3.7200         7.5000         0            0            0
4.0000          3.7200         10.500         0.010485       0.0088278      -0.0030010
4.0000          3.7200         13.500         0.0078879      0.0065787      -0.0028549
4.0000          3.7200         16.500         0.0054965      0.0046707      -0.0023587
4.0000          3.7200         19.500         0.0037098      0.0032850      -0.0017369
4.0000          3.7200         22.500         0.0023135      0.0022337      -0.0012654
4.0000          3.7200         25.500         0.0014352      0.0014282      -8.6566E-4
4.0000          3.7200         28.500         8.9624E-4      7.9314E-4      -5.3433E-4
4.0000          6.2000         1.5000         0            0            0
4.0000          6.2000         4.5000         0            0            0
4.0000          6.2000         7.5000         0            0            0
4.0000          6.2000         10.500         0.016178       0.0055692      -0.0046190
4.0000          6.2000         13.500         0.011946       0.0040494      -0.0043359
4.0000          6.2000         16.500         0.0084731      0.0027734      -0.0037480
4.0000          6.2000         19.500         0.0055693      0.0019137      -0.0026601
4.0000          6.2000         22.500         0.0036217      0.0011330      -0.0019983
4.0000          6.2000         25.500         0.0022788      6.5230E-4      -0.0014171
4.0000          6.2000         28.500         0.0012060      2.9466E-4      -7.5643E-4
4.0000          8.6800         1.5000         0            0            0
4.0000          8.6800         4.5000         0            0            0
4.0000          8.6800         7.5000         0            0            0
4.0000          8.6800         10.500         0.019501       -7.1980E-5     -0.0055046
4.0000          8.6800         13.500         0.014161       -2.8140E-4     -0.0051136
4.0000          8.6800         16.500         0.0096351      -2.7953E-4     -0.0041040
4.0000          8.6800         19.500         0.0064064      -2.2185E-4     -0.0031414
4.0000          8.6800         22.500         0.0040009      -1.8585E-4     -0.0021752
4.0000          8.6800         25.500         0.0023491      -9.9442E-5     -0.0014380
4.0000          8.6800         28.500         0.0013051      -2.9796E-4     -9.0023E-4
4.0000          11.160         1.5000         0            0            0
4.0000          11.160         4.5000         0            0            0
4.0000          11.160         7.5000         0            0            0
4.0000          11.160         10.500         0.018606       -0.0088910     -0.0047740
4.0000          11.160         13.500         0.013389       -0.0062650     -0.0044123
4.0000          11.160         16.500         0.0088455      -0.0040084     -0.0032660
4.0000          11.160         19.500         0.0058984      -0.0027191     -0.0025441
4.0000          11.160         22.500         0.0035441      -0.0016413     -0.0018894
4.0000          11.160         25.500         0.0020694      -0.0012456     -0.0013725
4.0000          11.160         28.500         0.0010971      -8.7447E-4     -8.2391E-4
4.0000          13.640         1.5000         0            0            0
4.0000          13.640         4.5000         0            0            0
4.0000          13.640         7.5000         0            0            0
4.0000          13.640         10.500         0.011401       -0.021421      -8.4782E-4
4.0000          13.640         13.500         0.0080337      -0.013219      -2.1808E-4
4.0000          13.640         16.500         0.0054652      -0.0080479     -9.0778E-4
4.0000          13.640         19.500         0.0037794      -0.0048939     -0.0011045
4.0000          13.640         22.500         0.0023150      -0.0027661     -7.5890E-4
4.0000          13.640         25.500         0.0011097      -0.0019186     -7.3105E-4
4.0000          13.640         28.500         6.4343E-4      -0.0012861     -6.5885E-4
4.0000          16.120         1.5000         0            0            0
4.0000          16.120         4.5000         0            0            0
4.0000          16.120         7.5000         0            0            0
4.0000          16.120         10.500         -0.0023870     -0.038191      0.0091532
4.0000          16.120         13.500         -0.0014389     -0.021319      0.0079093
4.0000          16.120         16.500         -6.2742E-4     -0.011091      0.0040228
4.0000          16.120         19.500         -1.2833E-4     -0.0065361     0.0012130
4.0000          16.120         22.500         8.4919E-5      -0.0037261     6.1197E-4
4.0000          16.120         25.500         -2.9107E-4     -0.0024407     1.2552E-4
4.0000          16.120         28.500         -4.5991E-4     -0.0014591     -4.3413E-5
4.0000          18.600         1.5000         0            0            0
4.0000          18.600         4.5000         0            0            0
4.0000          18.600         7.5000         0            0            0
4.0000          18.600         10.500         -0.014105      -0.082507      0.040868
4.0000          18.600         13.500         -0.013258      -0.021530      0.018997
4.0000          18.600         16.500         -0.0070759     -0.011621      0.0095391
4.0000          18.600         19.500         -0.0041229     -0.0062578     0.0043330
4.0000          18.600         22.500         -0.0027820     -0.0037913     0.0023140
4.0000          18.600         25.500         -0.0019217     -0.0026971     0.0010177
4.0000          18.600         28.500         -0.0016119     -0.0016565     6.7486E-4
4.0000          21.080         1.5000         0            0            0
4.0000          21.080         4.5000         0            0            0
4.0000          21.080         7.5000         0            0            0
4.0000          21.080         10.500         -0.015414      -0.0044705     0.075935
4.0000          21.080         13.500         -0.020562      -0.011463      0.033687
4.0000          21.080         16.500         -0.013496      -0.0078580     0.014118
4.0000          21.080         19.500         -0.0079284     -0.0053641     0.0069341
4.0000          21.080         22.500         -0.0050755     -0.0036092     0.0034106
4.0000          21.080         25.500         -0.0033893     -0.0025606     0.0016754
4.0000          21.080         28.500         -0.0025822     -0.0016122     0.0011377
4.0000          23.560         1.5000         0            0            0
4.0000          23.560         4.5000         0            0            0
4.0000          23.560         7.5000         0            0            0
4.0000          23.560         10.500         -0.016025      0.0028501      0.063439
4.0000          23.560         13.500         -0.024792      5.5922E-4      0.033675
4.0000          23.560         16.500         -0.016723      -0.0032277     0.014397
4.0000          23.560         19.500         -0.010660      -0.0031971     0.0077608
4.0000          23.560         22.500         -0.0069129     -0.0024564     0.0040901
4.0000          23.560         25.500         -0.0048825     -0.0018737     0.0024537
4.0000          23.560         28.500         -0.0035532     -0.0013637     0.0016322
12.000          1.2400         1.5000         0            0            0
12.000          1.2400         4.5000         0            0            0
12.000          1.2400         7.5000         0            0            0
12.000          1.2400         10.500         0.0061021      0.042914       -0.0056354
12.000          1.2400         13.500         0.0045364      0.031662       -0.0046282
12.000          1.2400         16.500         0.0034665      0.022852       -0.0032236
12.000          1.2400         19.500         0.0016351      0.014596       -0.0021766
12.000          1.2400         22.500         8.0059E-4      0.0082063      -0.0024268
12.000          1.2400         25.500         7.3455E-4      0.0050438      -0.0024326
12.000          1.2400         28.500         2.8319E-4      0.0039760      -4.6205E-4
12.000          3.7200         1.5000         0            0            0
12.000          3.7200         4.5000         0            0            0
12.000          3.7200         7.5000         0            0            0
12.000          3.7200         10.500         0.020012       0.042636       -0.014698
12.000          3.7200         13.500         0.014032       0.029751       -0.012618
12.000          3.7200         16.500         0.0092099      0.020165       -0.010887
12.000          3.7200         19.500         0.0058917      0.012529       -0.0081625
12.000          3.7200         22.500         0.0038447      0.0079629      -0.0056598
12.000          3.7200         25.500         0.0024139      0.0048732      -0.0037394
12.000          3.7200         28.500         0.0013375      0.0028684      -0.0022894
12.000          6.2000         1.5000         0            0            0
12.000          6.2000         4.5000         0            0            0
12.000          6.2000         7.5000         0            0            0
12.000          6.2000         10.500         0.035864       0.039616       -0.026302
12.000          6.2000         13.500         0.024011       0.025079       -0.022592
12.000          6.2000         16.500         0.015171       0.014975       -0.017574
12.000          6.2000         19.500         0.0088383      0.0084619      -0.012374
12.000          6.2000         22.500         0.0057699      0.0053101      -0.0081881
12.000          6.2000         25.500         0.0033878      0.0029507      -0.0051402
12.000          6.2000         28.500         0.0018992      0.0016425      -0.0032248
12.000          8.6800         1.5000         0            0            0
12.000          8.6800         4.5000         0            0            0
12.000          8.6800         7.5000         0            0            0
12.000          8.6800         10.500         0.055045       0.032934       -0.039591
12.000          8.6800         13.500         0.034766       0.016596       -0.033626
12.000          8.6800         16.500         0.020565       0.0071584      -0.024078
12.000          8.6800         19.500         0.011415       0.0033783      -0.015421
12.000          8.6800         22.500         0.0069393      0.0010123      -0.0098967
12.000          8.6800         25.500         0.0037379      4.5280E-4      -0.0059532
12.000          8.6800         28.500         0.0020903      8.7723E-5      -0.0035890
12.000          11.160         1.5000         0            0            0
12.000          11.160         4.5000         0            0            0
12.000          11.160         7.5000         0            0            0
12.000          11.160         10.500         0.083115       0.016997       -0.058544
12.000          11.160         13.500         0.044866       -7.7893E-4     -0.044170
12.000          11.160         16.500         0.023906       -0.0049007     -0.027499
12.000          11.160         19.500         0.012871       -0.0046481     -0.015949
12.000          11.160         22.500         0.0068662      -0.0038675     -0.0098547
12.000          11.160         25.500         0.0037384      -0.0024590     -0.0057457
12.000          11.160         28.500         0.0020833      -0.0018305     -0.0038730
12.000          13.640         1.5000         0            0            0
12.000          13.640         4.5000         0            0            0
12.000          13.640         7.5000         0            0            0
12.000          13.640         10.500         0.10934        -0.032548      -0.074952
12.000          13.640         13.500         0.049126       -0.031439      -0.045806
12.000          13.640         16.500         0.022345       -0.020883      -0.023478
12.000          13.640         19.500         0.011801       -0.012900      -0.013532
12.000          13.640         22.500         0.0061730      -0.0079911     -0.0082097
12.000          13.640         25.500         0.0032787      -0.0051817     -0.0044708
12.000          13.640         28.500         0.0016085      -0.0034538     -0.0031374
12.000          16.120         1.5000         0            0            0
12.000          16.120         4.5000         0            0            0
12.000          16.120         7.5000         0            0            0
12.000          16.120         10.500         0.089846       -0.12585       -0.047350
12.000          16.120         13.500         0.036186       -0.065692      -0.024283
12.000          16.120         16.500         0.015773       -0.035689      -0.010907
12.000          16.120         19.500         0.0085115      -0.019392      -0.0066122
12.000          16.120         22.500         0.0041980      -0.011545      -0.0039689
12.000          16.120         25.500         0.0022783      -0.0074683     -0.0020386
12.000          16.120         28.500         9.1973E-4      -0.0048979     -0.0014536
12.000          18.600         1.5000         0            0            0
12.000          18.600         4.5000         0            0            0
12.000          18.600         7.5000         0            0            0
12.000          18.600         10.500         0.0071349      -0.17617       0.044126
12.000          18.600         13.500         0.0099886      -0.071852      0.020208
12.000          18.600         16.500         0.0063064      -0.037446      0.0074486
12.000          18.600         19.500         0.0033004      -0.021166      0.0033185
12.000          18.600         22.500         0.0012503      -0.013180      0.0014879
12.000          18.600         25.500         5.2602E-4      -0.0081576     5.9382E-4
12.000          18.600         28.500         -1.3827E-4     -0.0052063     3.8325E-4
12.000          21.080         1.5000         0            0            0
12.000          21.080         4.5000         0            0            0
12.000          21.080         7.5000         0            0            0
12.000          21.080         10.500         -0.041101      -0.015400      0.081380
12.000          21.080         13.500         -0.013045      -0.042250      0.049698
12.000          21.080         16.500         -0.0041120     -0.027906      0.022510
12.000          21.080         19.500         -0.0025356     -0.017967      0.012231
12.000          21.080         22.500         -0.0014127     -0.011891      0.0056412
12.000          21.080         25.500         -0.0015100     -0.0076671     0.0033725
12.000          21.080         28.500         -0.0013410     -0.0052043     0.0024108
12.000          23.560         1.5000         0            0            0
12.000          23.560         4.5000         0            0            0
12.000          23.560         7.5000         0            0            0
12.000          23.560         10.500         -0.044832      -6.8109E-4     0.052778
12.000          23.560         13.500         -0.020275      -0.011880      0.048415
12.000          23.560         16.500         -0.010060      -0.014760      0.028490
12.000          23.560         19.500         -0.0055846     -0.012338      0.015783
12.000          23.560         22.500         -0.0037088     -0.0092524     0.0092545
12.000          23.560         25.500         -0.0028584     -0.0060242     0.0055317
12.000          23.560         28.500         -0.0022435     -0.0044018     0.0037567
20.000          1.2400         1.5000         0.0081757      0.13361        -0.0023787
20.000          1.2400         4.5000         0.0081167      0.12390        -0.0064080
20.000          1.2400         7.5000         0.0072463      0.10810        -0.0092158
20.000          1.2400         10.500         0.0052641      0.084264       -0.0096582
20.000          1.2400         13.500         0.0036082      0.058967       -0.010934
20.000          1.2400         16.500         0.0032920      0.041798       -0.0071565
20.000          1.2400         19.500         0.0018070      0.026129       -0.0046843
20.000          1.2400         22.500         5.0700E-4      0.014855       -0.0037008
20.000          1.2400         25.500         -1.1656E-5     0.0089861      -0.0023491
20.000          1.2400         28.500         -4.3045E-4     0.0058384      -4.4338E-4
20.000          3.7200         1.5000         0.025434       0.14276        -0.0063106
20.000          3.7200         4.5000         0.023009       0.13190        -0.017925
20.000          3.7200         7.5000         0.019767       0.11229        -0.026574
20.000          3.7200         10.500         0.015702       0.086456       -0.029791
20.000          3.7200         13.500         0.011568       0.060520       -0.028060
20.000          3.7200         16.500         0.0076240      0.039765       -0.021870
20.000          3.7200         19.500         0.0049591      0.024409       -0.016060
20.000          3.7200         22.500         0.0031830      0.014783       -0.010054
20.000          3.7200         25.500         0.0017076      0.0087197      -0.0062185
20.000          3.7200         28.500         7.7861E-4      0.0050239      -0.0034827
20.000          6.2000         1.5000         0.044665       0.16619        -0.010462
20.000          6.2000         4.5000         0.040809       0.15377        -0.031006
20.000          6.2000         7.5000         0.034111       0.12765        -0.049844
20.000          6.2000         10.500         0.026577       0.091357       -0.055905
20.000          6.2000         13.500         0.018845       0.057193       -0.050118
20.000          6.2000         16.500         0.012470       0.032264       -0.036386
20.000          6.2000         19.500         0.0075725      0.018665       -0.024993
20.000          6.2000         22.500         0.0049010      0.010346       -0.015511
20.000          6.2000         25.500         0.0029408      0.0060099      -0.0094238
20.000          6.2000         28.500         0.0016737      0.0030016      -0.0060194
20.000          8.6800         1.5000         0.064138       0.20755        -0.016318
20.000          8.6800         4.5000         0.058465       0.19238        -0.049966
20.000          8.6800         7.5000         0.049920       0.15627        -0.081497
20.000          8.6800         10.500         0.037291       0.10037        -0.095385
20.000          8.6800         13.500         0.025489       0.049343       -0.078512
20.000          8.6800         16.500         0.016281       0.022422       -0.052861
20.000          8.6800         19.500         0.0099756      0.0098032      -0.032420
20.000          8.6800         22.500         0.0061010      0.0039191      -0.019792
20.000          8.6800         25.500         0.0034299      0.0017082      -0.011135
20.000          8.6800         28.500         0.0020655      5.7959E-4      -0.0072667
20.000          11.160         1.5000         0.085448       0.29327        -0.020519
20.000          11.160         4.5000         0.075121       0.25800        -0.068985
20.000          11.160         7.5000         0.063451       0.21505        -0.13187
20.000          11.160         10.500         0.046260       0.10791        -0.16346
20.000          11.160         13.500         0.029988       0.024777       -0.11341
20.000          11.160         16.500         0.018048       6.2497E-4      -0.064846
20.000          11.160         19.500         0.011201       -0.0040100     -0.036283
20.000          11.160         22.500         0.0065486      -0.0039010     -0.021613
20.000          11.160         25.500         0.0036344      -0.0032098     -0.011601
20.000          11.160         28.500         0.0020825      -0.0024350     -0.0076148
20.000          13.640         1.5000         0.076413       0.24309        -0.010627
20.000          13.640         4.5000         0.079078       0.36013        -0.086387
20.000          13.640         7.5000         0.078259       0.34365        -0.19991
20.000          13.640         10.500         0.048209       0.083500       -0.33715
20.000          13.640         13.500         0.029841       -0.038708      -0.14279
20.000          13.640         16.500         0.017438       -0.031463      -0.064659
20.000          13.640         19.500         0.010125       -0.019389      -0.032344
20.000          13.640         22.500         0.0058301      -0.011787      -0.019344
20.000          13.640         25.500         0.0035388      -0.0078880     -0.0098091
20.000          13.640         28.500         0.0019639      -0.0051491     -0.0066131
20.000          16.120         1.5000         0            0            0
20.000          16.120         4.5000         0            0            0
20.000          16.120         7.5000         0            0            0
20.000          16.120         10.500         0.036513       -0.39412       -0.26992
20.000          16.120         13.500         0.022984       -0.13247       -0.097927
20.000          16.120         16.500         0.013171       -0.061501      -0.040368
20.000          16.120         19.500         0.0075244      -0.033369      -0.018887
20.000          16.120         22.500         0.0043868      -0.018583      -0.012513
20.000          16.120         25.500         0.0024509      -0.010418      -0.0064547
20.000          16.120         28.500         0.0014740      -0.0068715     -0.0040093
20.000          18.600         1.5000         0            0            0
20.000          18.600         4.5000         0            0            0
20.000          18.600         7.5000         0            0            0
20.000          18.600         10.500         0.010250       -0.44366       0.077291
20.000          18.600         13.500         0.0098436      -0.15218       0.014923
20.000          18.600         16.500         0.0063787      -0.070869      -5.6740E-4
20.000          18.600         19.500         0.0037833      -0.034770      -0.0035344
20.000          18.600         22.500         0.0017450      -0.022338      -0.0023228
20.000          18.600         25.500         0.0010522      -0.013046      -0.0017777
20.000          18.600         28.500         6.7751E-4      -0.0088272     -0.0013279
20.000          21.080         1.5000         0            0            0
20.000          21.080         4.5000         0            0            0
20.000          21.080         7.5000         0            0            0
20.000          21.080         10.500         -0.0039633     -0.020587      0.22484
20.000          21.080         13.500         -0.0019559     -0.087916      0.088777
20.000          21.080         16.500         1.9007E-4      -0.053825      0.032756
20.000          21.080         19.500         8.3605E-4      -0.033403      0.012708
20.000          21.080         22.500         -1.9854E-5     -0.020541      0.0067256
20.000          21.080         25.500         -2.8417E-4     -0.012791      0.0032171
20.000          21.080         28.500         -1.3293E-4     -0.0090202     0.0013951
20.000          23.560         1.5000         0            0            0
20.000          23.560         4.5000         0            0            0
20.000          23.560         7.5000         0            0            0
20.000          23.560         10.500         -0.013818      -0.0030725     0.13264
20.000          23.560         13.500         -0.0074312     -0.022312      0.088997
20.000          23.560         16.500         -0.0041667     -0.027509      0.043391
20.000          23.560         19.500         -0.0019102     -0.020423      0.021144
20.000          23.560         22.500         -0.0016944     -0.015852      0.012596
20.000          23.560         25.500         -0.0012241     -0.010442      0.0064026
20.000          23.560         28.500         -9.8208E-4     -0.0074635     0.0039054
28.000          1.2400         1.5000         0.0026976      0.16951        -0.0026560
28.000          1.2400         4.5000         0.0024766      0.15837        -0.0078523
28.000          1.2400         7.5000         0.0022264      0.14010        -0.014370
28.000          1.2400         10.500         0.0021865      0.11003        -0.012835
28.000          1.2400         13.500         0.0017490      0.074017       -0.011337
28.000          1.2400         16.500         0.0010557      0.049822       -0.010144
28.000          1.2400         19.500         4.5037E-4      0.031840       -0.0071402
28.000          1.2400         22.500         3.1081E-4      0.019019       -0.0061887
28.000          1.2400         25.500         1.5955E-4      0.014651       -0.0039376
28.000          1.2400         28.500         -2.6595E-4     0.013019       -6.5350E-4
28.000          3.7200         1.5000         0.0084635      0.17783        -0.0078303
28.000          3.7200         4.5000         0.0079514      0.16284        -0.022233
28.000          3.7200         7.5000         0.0070009      0.13862        -0.033098
28.000          3.7200         10.500         0.0054150      0.10914        -0.037802
28.000          3.7200         13.500         0.0042998      0.076698       -0.033796
28.000          3.7200         16.500         0.0033126      0.050159       -0.027317
28.000          3.7200         19.500         0.0019096      0.031941       -0.020267
28.000          3.7200         22.500         0.0013715      0.018648       -0.014500
28.000          3.7200         25.500         9.1282E-4      0.013116       -0.0082639
28.000          3.7200         28.500         5.2682E-4      0.0085600      -0.0054899
28.000          6.2000         1.5000         0.012213       0.20138        -0.013557
28.000          6.2000         4.5000         0.011836       0.18362        -0.039633
28.000          6.2000         7.5000         0.010264       0.15240        -0.060053
28.000          6.2000         10.500         0.0086757      0.11106        -0.068429
28.000          6.2000         13.500         0.0067836      0.071945       -0.061026
28.000          6.2000         16.500         0.0053133      0.042326       -0.045279
28.000          6.2000         19.500         0.0032352      0.024660       -0.031512
28.000          6.2000         22.500         0.0023488      0.013836       -0.020961
28.000          6.2000         25.500         0.0016311      0.0083677      -0.012638
28.000          6.2000         28.500         9.2998E-4      0.0044805      -0.0084650
28.000          8.6800         1.5000         0.014569       0.29475        -0.031319
28.000          8.6800         4.5000         0.014958       0.21698        -0.059236
28.000          8.6800         7.5000         0.012962       0.17697        -0.097595
28.000          8.6800         10.500         0.011041       0.11449        -0.11180
28.000          8.6800         13.500         0.0079155      0.058974       -0.093105
28.000          8.6800         16.500         0.0059936      0.026726       -0.064591
28.000          8.6800         19.500         0.0041747      0.011852       -0.040562
28.000          8.6800         22.500         0.0028743      0.0059450      -0.025692
28.000          8.6800         25.500         0.0019435      0.0027529      -0.015112
28.000          8.6800         28.500         0.0011418      0.0010108      -0.010057
28.000          11.160         1.5000         0.014497       0.24999        -0.038118
28.000          11.160         4.5000         0.015732       0.26472        -0.081103
28.000          11.160         7.5000         0.014837       0.22024        -0.15071
28.000          11.160         10.500         0.012363       0.11146        -0.18536
28.000          11.160         13.500         0.0091404      0.026719       -0.13220
28.000          11.160         16.500         0.0066394      -6.0719E-5     -0.077289
28.000          11.160         19.500         0.0045236      -0.0044765     -0.046526
28.000          11.160         22.500         0.0027557      -0.0036307     -0.026217
28.000          11.160         25.500         0.0019462      -0.0032518     -0.015614
28.000          11.160         28.500         0.0012147      -0.0021568     -0.010486
28.000          13.640         1.5000         0.018110       0.030450       -0.032084
28.000          13.640         4.5000         0.0079044      0.23581        -0.075342
28.000          13.640         7.5000         0.026293       0.36493        -0.21254
28.000          13.640         10.500         0.0099659      0.072552       -0.36004
28.000          13.640         13.500         0.0083285      -0.049065      -0.16013
28.000          13.640         16.500         0.0061299      -0.036838      -0.077285
28.000          13.640         19.500         0.0041920      -0.023220      -0.040721
28.000          13.640         22.500         0.0027874      -0.014771      -0.024140
28.000          13.640         25.500         0.0017276      -0.0095384     -0.013579
28.000          13.640         28.500         9.6061E-4      -0.0062103     -0.0087788
28.000          16.120         1.5000         0            0            0
28.000          16.120         4.5000         0            0            0
28.000          16.120         7.5000         0            0            0
28.000          16.120         10.500         0.0064232      -0.42700       -0.28630
28.000          16.120         13.500         0.0071458      -0.15028       -0.11137
28.000          16.120         16.500         0.0039759      -0.072467      -0.048953
28.000          16.120         19.500         0.0041509      -0.039677      -0.027031
28.000          16.120         22.500         0.0024801      -0.021986      -0.015947
28.000          16.120         25.500         0.0014183      -0.013372      -0.0092811
28.000          16.120         28.500         5.1949E-4      -0.0088464     -0.0060743
28.000          18.600         1.5000         0            0            0
28.000          18.600         4.5000         0            0            0
28.000          18.600         7.5000         0            0            0
28.000          18.600         10.500         -6.0625E-4     -0.48496       0.083795
28.000          18.600         13.500         0.0029972      -0.17582       0.014005
28.000          18.600         16.500         0.0025216      -0.081448      -0.0048596
28.000          18.600         19.500         0.0017302      -0.044107      -0.0075601
28.000          18.600         22.500         7.1482E-4      -0.025640      -0.0042970
28.000          18.600         25.500         5.1433E-4      -0.016523      -0.0044879
28.000          18.600         28.500         3.4286E-4      -0.010453      -0.0029266
28.000          21.080         1.5000         0            0            0
28.000          21.080         4.5000         0            0            0
28.000          21.080         7.5000         0            0            0
28.000          21.080         10.500         0.0040741      -0.053310      0.25444
28.000          21.080         13.500         0.0010442      -0.10181       0.091749
28.000          21.080         16.500         7.4133E-4      -0.064562      0.031983
28.000          21.080         19.500         0.0010297      -0.040050      0.013044
28.000          21.080         22.500         7.1350E-5      -0.025310      0.0058358
28.000          21.080         25.500         1.2778E-4      -0.017047      0.0013383
28.000          21.080         28.500         -1.3202E-4     -0.010679      0.0013911
28.000          23.560         1.5000         0            0            0
28.000          23.560         4.5000         0            0            0
28.000          23.560         7.5000         0            0            0
28.000          23.560         10.500         -0.0018365     -0.0057623     0.13495
28.000          23.560         13.500         -9.5756E-4     -0.031440      0.094359
28.000          23.560         16.500         -7.1229E-4     -0.035542      0.047576
28.000          23.560         19.500         -6.7070E-4     -0.025800      0.022309
28.000          23.560         22.500         -7.5336E-4     -0.020300      0.011662
28.000          23.560         25.500         -5.6245E-4     -0.014174      0.0069052
28.000          23.560         28.500         -6.5004E-4     -0.0098385     0.0050572
36.000          1.2400         1.5000         -7.2072E-4     0.17473        -0.0017628
36.000          1.2400         4.5000         3.7185E-4      0.16494        -0.0091260
36.000          1.2400         7.5000         3.6904E-4      0.14380        -0.012247
36.000          1.2400         10.500         2.9174E-4      0.10699        -0.012106
36.000          1.2400         13.500         4.7127E-4      0.076001       -0.012995
36.000          1.2400         16.500         2.9184E-4      0.055958       -0.011319
36.000          1.2400         19.500         2.6046E-4      0.038308       -0.0064106
36.000          1.2400         22.500         1.3879E-4      0.024231       -0.0036022
36.000          1.2400         25.500         -2.6476E-4     0.017546       -0.0033967
36.000          1.2400         28.500         -3.2270E-4     0.014800       -0.0010926
36.000          3.7200         1.5000         4.3416E-4      0.18383        -0.0061690
36.000          3.7200         4.5000         7.1432E-4      0.17231        -0.022787
36.000          3.7200         7.5000         4.2813E-4      0.14664        -0.033401
36.000          3.7200         10.500         3.7173E-4      0.11313        -0.039266
36.000          3.7200         13.500         2.5902E-4      0.081771       -0.035109
36.000          3.7200         16.500         1.2629E-4      0.055110       -0.029072
36.000          3.7200         19.500         2.1686E-4      0.034480       -0.020891
36.000          3.7200         22.500         4.5900E-4      0.021052       -0.013629
36.000          3.7200         25.500         7.9562E-6      0.013986       -0.0089399
36.000          3.7200         28.500         -5.5940E-6     0.0095824      -0.0061181
36.000          6.2000         1.5000         0.0012246      0.20412        -0.013237
36.000          6.2000         4.5000         0.0015312      0.18826        -0.039809
36.000          6.2000         7.5000         9.1224E-4      0.15804        -0.061507
36.000          6.2000         10.500         0.0011699      0.11611        -0.070819
36.000          6.2000         13.500         2.2044E-4      0.074087       -0.063302
36.000          6.2000         16.500         3.7152E-4      0.044987       -0.047399
36.000          6.2000         19.500         5.6471E-4      0.026826       -0.033201
36.000          6.2000         22.500         2.5004E-4      0.015569       -0.021137
36.000          6.2000         25.500         1.5219E-5      0.0087488      -0.013781
36.000          6.2000         28.500         1.4337E-4      0.0051475      -0.0092128
36.000          8.6800         1.5000         -0.0018282     0.29897        -0.027928
36.000          8.6800         4.5000         9.7210E-4      0.21935        -0.061316
36.000          8.6800         7.5000         9.3349E-4      0.17897        -0.099893
36.000          8.6800         10.500         9.4837E-4      0.11640        -0.11438
36.000          8.6800         13.500         4.7316E-4      0.059938       -0.095843
36.000          8.6800         16.500         4.1432E-4      0.028521       -0.066343
36.000          8.6800         19.500         4.3262E-4      0.013354       -0.044057
36.000          8.6800         22.500         5.3511E-5      0.0067659      -0.027104
36.000          8.6800         25.500         -5.7771E-5     0.0027575      -0.016420
36.000          8.6800         28.500         1.2240E-4      0.0013320      -0.010248
36.000          11.160         1.5000         1.6025E-4      0.29012        -0.060983
36.000          11.160         4.5000         0.0011724      0.26491        -0.084641
36.000          11.160         7.5000         8.7860E-4      0.21993        -0.15474
36.000          11.160         10.500         9.8372E-4      0.11140        -0.18753
36.000          11.160         13.500         2.1792E-4      0.026439       -0.13535
36.000          11.160         16.500         -6.5375E-4     -5.0320E-5     -0.080051
36.000          11.160         19.500         2.1901E-5      -0.0039330     -0.048973
36.000          11.160         22.500         2.7766E-4      -0.0042946     -0.029048
36.000          11.160         25.500         5.4483E-5      -0.0034231     -0.017059
36.000          11.160         28.500         2.3738E-4      -0.0027031     -0.010312
36.000          13.640         1.5000         0.0056437      0.087150       -0.045565
36.000          13.640         4.5000         -0.012838      0.32056        -0.093869
36.000          13.640         7.5000         0.0089240      0.35074        -0.19955
36.000          13.640         10.500         2.4060E-4      0.051436       -0.36272
36.000          13.640         13.500         4.8564E-4      -0.049362      -0.16351
36.000          13.640         16.500         -7.8492E-4     -0.038958      -0.080750
36.000          13.640         19.500         -9.4252E-5     -0.024043      -0.043345
36.000          13.640         22.500         1.8809E-4      -0.015196      -0.024846
36.000          13.640         25.500         3.1723E-4      -0.0092928     -0.015220
36.000          13.640         28.500         2.1286E-4      -0.0064427     -0.010004
36.000          16.120         1.5000         0            0            0
36.000          16.120         4.5000         0            0            0
36.000          16.120         7.5000         0            0            0
36.000          16.120         10.500         -9.2631E-4     -0.42397       -0.28581
36.000          16.120         13.500         -3.2886E-4     -0.15555       -0.11242
36.000          16.120         16.500         3.9649E-4      -0.074084      -0.051416
36.000          16.120         19.500         1.5166E-4      -0.040775      -0.029241
36.000          16.120         22.500         9.8301E-5      -0.023781      -0.017801
36.000          16.120         25.500         4.9389E-5      -0.014296      -0.010822
36.000          16.120         28.500         1.1064E-4      -0.0093747     -0.0073779
36.000          18.600         1.5000         0            0            0
36.000          18.600         4.5000         0            0            0
36.000          18.600         7.5000         0            0            0
36.000          18.600         10.500         -3.3544E-4     -0.49574       0.084877
36.000          18.600         13.500         5.4680E-4      -0.17826       0.013192
36.000          18.600         16.500         1.3563E-4      -0.084817      -0.0066657
36.000          18.600         19.500         1.2958E-4      -0.047385      -0.0078805
36.000          18.600         22.500         2.1671E-4      -0.028551      -0.0056397
36.000          18.600         25.500         -4.1300E-5     -0.017421      -0.0046115
36.000          18.600         28.500         -1.5712E-4     -0.011112      -0.0027499
36.000          21.080         1.5000         0            0            0
36.000          21.080         4.5000         0            0            0
36.000          21.080         7.5000         0            0            0
36.000          21.080         10.500         -0.0024689     -0.046612      0.27203
36.000          21.080         13.500         -5.0776E-4     -0.10403       0.094788
36.000          21.080         16.500         -1.3340E-4     -0.065913      0.031333
36.000          21.080         19.500         -4.9732E-5     -0.041763      0.011709
36.000          21.080         22.500         -2.6242E-4     -0.026796      0.0040048
36.000          21.080         25.500         1.6132E-4      -0.016971      0.0015761
36.000          21.080         28.500         -1.9793E-4     -0.012075      9.3556E-4
36.000          23.560         1.5000         0            0            0
36.000          23.560         4.5000         0            0            0
36.000          23.560         7.5000         0            0            0
36.000          23.560         10.500         8.3004E-5      -0.0052142     0.13316
36.000          23.560         13.500         -4.7412E-4     -0.034258      0.095678
36.000          23.560         16.500         -2.3008E-4     -0.036675      0.046905
36.000          23.560         19.500         -7.4889E-4     -0.028656      0.023345
36.000          23.560         22.500         -4.0485E-4     -0.020018      0.012391
36.000          23.560         25.500         -1.3258E-4     -0.013148      0.0065774
36.000          23.560         28.500         -1.8705E-4     -0.0099587     0.0036737
44.000          1.2400         1.5000         -0.0020354     0.17082        -0.0020011
44.000          1.2400         4.5000         -0.0020160     0.15926        -0.0093822
44.000          1.2400         7.5000         -0.0016079     0.13963        -0.014258
44.000          1.2400         10.500         -9.4326E-4     0.11011        -0.012006
44.000          1.2400         13.500         -4.5449E-5     0.077724       -0.012747
44.000          1.2400         16.500         2.0718E-4      0.054400       -0.010946
44.000          1.2400         19.500         3.3600E-6      0.036822       -0.0051343
44.000          1.2400         22.500         -1.4074E-4     0.022871       -0.0041723
44.000          1.2400         25.500         -4.4243E-4     0.015473       -0.0041290
44.000          1.2400         28.500         -4.9097E-4     0.012233       -0.0022343
44.000          3.7200         1.5000         -0.0061895     0.18066        -0.0074085
44.000          3.7200         4.5000         -0.0055008     0.16711        -0.022809
44.000          3.7200         7.5000         -0.0051174     0.14254        -0.033899
44.000          3.7200         10.500         -0.0041231     0.11127        -0.038831
44.000          3.7200         13.500         -0.0028907     0.078515       -0.035210
44.000          3.7200         16.500         -0.0022983     0.052627       -0.028672
44.000          3.7200         19.500         -0.0014356     0.032501       -0.019569
44.000          3.7200         22.500         -0.0010319     0.019544       -0.013491
44.000          3.7200         25.500         -7.6590E-4     0.011927       -0.0085574
44.000          3.7200         28.500         -7.4401E-4     0.0075136      -0.0067524
44.000          6.2000         1.5000         -0.0083391     0.20372        -0.012798
44.000          6.2000         4.5000         -0.0078767     0.18580        -0.039981
44.000          6.2000         7.5000         -0.0079887     0.15402        -0.061226
44.000          6.2000         10.500         -0.0063369     0.11256        -0.068329
44.000          6.2000         13.500         -0.0049663     0.072921       -0.061963
44.000          6.2000         16.500         -0.0036285     0.043077       -0.047037
44.000          6.2000         19.500         -0.0024844     0.024190       -0.031985
44.000          6.2000         22.500         -0.0016504     0.013889       -0.020352
44.000          6.2000         25.500         -0.0010018     0.0074922      -0.012497
44.000          6.2000         28.500         -8.6276E-4     0.0040634      -0.0092329
44.000          8.6800         1.5000         -0.0099833     0.27995        -0.027262
44.000          8.6800         4.5000         -0.010128      0.21811        -0.060453
44.000          8.6800         7.5000         -0.0091788     0.17846        -0.098615
44.000          8.6800         10.500         -0.0074780     0.11361        -0.11330
44.000          8.6800         13.500         -0.0061296     0.057769       -0.095127
44.000          8.6800         16.500         -0.0046041     0.026887       -0.066250
44.000          8.6800         19.500         -0.0034280     0.012456       -0.041717
44.000          8.6800         22.500         -0.0019651     0.0060879      -0.025911
44.000          8.6800         25.500         -0.0013789     0.0026689      -0.015558
44.000          8.6800         28.500         -8.9221E-4     0.0014183      -0.010248
44.000          11.160         1.5000         -0.013201      0.28334        -0.032978
44.000          11.160         4.5000         -0.011332      0.26603        -0.083270
44.000          11.160         7.5000         -0.0094496     0.21902        -0.15391
44.000          11.160         10.500         -0.0098863     0.11198        -0.18610
44.000          11.160         13.500         -0.0057481     0.024902       -0.13436
44.000          11.160         16.500         -0.0048755     2.6160E-4      -0.079271
44.000          11.160         19.500         -0.0036717     -0.0048836     -0.045956
44.000          11.160         22.500         -0.0026287     -0.0043992     -0.028239
44.000          11.160         25.500         -0.0016652     -0.0039091     -0.016066
44.000          11.160         28.500         -9.2446E-4     -0.0022248     -0.010306
44.000          13.640         1.5000         -0.019493      0.13267        -0.021475
44.000          13.640         4.5000         -0.0094350     0.23369        -0.099667
44.000          13.640         7.5000         -0.0085120     0.32574        -0.21107
44.000          13.640         10.500         -0.0095147     0.065020       -0.35851
44.000          13.640         13.500         -0.0056800     -0.049383      -0.16276
44.000          13.640         16.500         -0.0043472     -0.037285      -0.078816
44.000          13.640         19.500         -0.0035700     -0.024165      -0.042826
44.000          13.640         22.500         -0.0021766     -0.015199      -0.024469
44.000          13.640         25.500         -0.0016250     -0.0099895     -0.013936
44.000          13.640         28.500         -9.0191E-4     -0.0071760     -0.0084726
44.000          16.120         1.5000         0            0            0
44.000          16.120         4.5000         0            0            0
44.000          16.120         7.5000         0            0            0
44.000          16.120         10.500         -0.0055281     -0.42269       -0.27821
44.000          16.120         13.500         -0.0047185     -0.15197       -0.10988
44.000          16.120         16.500         -0.0046219     -0.074055      -0.053102
44.000          16.120         19.500         -0.0026887     -0.041003      -0.027946
44.000          16.120         22.500         -0.0019872     -0.022344      -0.016415
44.000          16.120         25.500         -0.0014938     -0.014397      -0.0088133
44.000          16.120         28.500         -8.7694E-4     -0.010026      -0.0065555
44.000          18.600         1.5000         0            0            0
44.000          18.600         4.5000         0            0            0
44.000          18.600         7.5000         0            0            0
44.000          18.600         10.500         -0.0039018     -0.49081       0.080271
44.000          18.600         13.500         -0.0025226     -0.17555       0.013655
44.000          18.600         16.500         -0.0026981     -0.085387      -0.0047372
44.000          18.600         19.500         -0.0017831     -0.045464      -0.0071808
44.000          18.600         22.500         -0.0017943     -0.024569      -0.0051179
44.000          18.600         25.500         -0.0013075     -0.017212      -0.0056202
44.000          18.600         28.500         -9.3394E-4     -0.011637      -0.0029884
44.000          21.080         1.5000         0            0            0
44.000          21.080         4.5000         0            0            0
44.000          21.080         7.5000         0            0            0
44.000          21.080         10.500         5.2379E-4      -0.057076      0.26364
44.000          21.080         13.500         -0.0011570     -0.10318       0.091214
44.000          21.080         16.500         -0.0011471     -0.065240      0.032971
44.000          21.080         19.500         -0.0013033     -0.041077      0.012646
44.000          21.080         22.500         -9.8228E-4     -0.025555      0.0051586
44.000          21.080         25.500         -8.1865E-4     -0.017426      6.9538E-5
44.000          21.080         28.500         -6.2143E-4     -0.011141      0.0015173
44.000          23.560         1.5000         0            0            0
44.000          23.560         4.5000         0            0            0
44.000          23.560         7.5000         0            0            0
44.000          23.560         10.500         0.0022760      -0.0063701     0.13030
44.000          23.560         13.500         -7.1676E-4     -0.034551      0.095968
44.000          23.560         16.500         -3.5825E-4     -0.036518      0.047231
44.000          23.560         19.500         -1.0239E-4     -0.027080      0.022539
44.000          23.560         22.500         -7.8738E-5     -0.020392      0.012650
44.000          23.560         25.500         -2.8756E-4     -0.014015      0.0062180
44.000          23.560         28.500         -2.5407E-4     -0.0096355     0.0049759
52.000          1.2400         1.5000         -0.0062112     0.14671        -0.0026657
52.000          1.2400         4.5000         -0.0055643     0.13674        -0.0074957
52.000          1.2400         7.5000         -0.0041720     0.12018        -0.010942
52.000          1.2400         10.500         -0.0035180     0.092872       -0.011241
52.000          1.2400         13.500         -0.0033174     0.065234       -0.013213
52.000          1.2400         16.500         -0.0028361     0.047262       -0.0086702
52.000          1.2400         19.500         -7.9107E-4     0.031085       -0.0050448
52.000          1.2400         22.500         -7.8105E-4     0.018608       -0.0032395
52.000          1.2400         25.500         -8.4476E-4     0.011753       -0.0024574
52.000          1.2400         28.500         -2.1850E-4     0.0083246      -5.5462E-4
52.000          3.7200         1.5000         -0.019217      0.15494        -0.0062949
52.000          3.7200         4.5000         -0.017935      0.14245        -0.019261
52.000          3.7200         7.5000         -0.015362      0.12194        -0.028264
52.000          3.7200         10.500         -0.012380      0.094021       -0.033284
52.000          3.7200         13.500         -0.0094646     0.066607       -0.030697
52.000          3.7200         16.500         -0.0065069     0.043348       -0.023478
52.000          3.7200         19.500         -0.0041928     0.026749       -0.017041
52.000          3.7200         22.500         -0.0031308     0.015982       -0.011105
52.000          3.7200         25.500         -0.0020617     0.0098237      -0.0067094
52.000          3.7200         28.500         -9.0990E-4     0.0055705      -0.0044460
52.000          6.2000         1.5000         -0.033111      0.17865        -0.011264
52.000          6.2000         4.5000         -0.030234      0.16517        -0.035229
52.000          6.2000         7.5000         -0.026463      0.13739        -0.053014
52.000          6.2000         10.500         -0.020638      0.099597       -0.061560
52.000          6.2000         13.500         -0.014520      0.061961       -0.053905
52.000          6.2000         16.500         -0.0099593     0.036712       -0.040016
52.000          6.2000         19.500         -0.0061969     0.019748       -0.026444
52.000          6.2000         22.500         -0.0042053     0.011850       -0.017084
52.000          6.2000         25.500         -0.0023655     0.0064026      -0.010410
52.000          6.2000         28.500         -0.0013590     0.0027836      -0.0069917
52.000          8.6800         1.5000         -0.045685      0.22895        -0.017745
52.000          8.6800         4.5000         -0.042788      0.20337        -0.053277
52.000          8.6800         7.5000         -0.035822      0.16606        -0.088513
52.000          8.6800         10.500         -0.028350      0.10545        -0.10221
52.000          8.6800         13.500         -0.020209      0.052790       -0.084789
52.000          8.6800         16.500         -0.012981      0.023756       -0.057002
52.000          8.6800         19.500         -0.0079823     0.010894       -0.035278
52.000          8.6800         22.500         -0.0051773     0.0045560      -0.022237
52.000          8.6800         25.500         -0.0026554     0.0012138      -0.012659
52.000          8.6800         28.500         -0.0017544     1.0111E-4      -0.0084343
52.000          11.160         1.5000         -0.063032      0.33708        -0.034856
52.000          11.160         4.5000         -0.050823      0.26244        -0.074329
52.000          11.160         7.5000         -0.042772      0.21965        -0.14083
52.000          11.160         10.500         -0.032488      0.10981        -0.17347
52.000          11.160         13.500         -0.022827      0.023647       -0.12128
52.000          11.160         16.500         -0.014136      4.6855E-4      -0.069990
52.000          11.160         19.500         -0.0083678     -0.0052759     -0.039838
52.000          11.160         22.500         -0.0054250     -0.0041566     -0.023142
52.000          11.160         25.500         -0.0030638     -0.0028060     -0.012965
52.000          11.160         28.500         -0.0020345     -0.0028155     -0.0088450
52.000          13.640         1.5000         -0.036581      0.15428        -0.039592
52.000          13.640         4.5000         -0.054532      0.32944        -0.10584
52.000          13.640         7.5000         -0.029156      0.38100        -0.19518
52.000          13.640         10.500         -0.031941      0.066600       -0.34808
52.000          13.640         13.500         -0.021651      -0.043392      -0.15085
52.000          13.640         16.500         -0.013490      -0.035155      -0.069625
52.000          13.640         19.500         -0.0084692     -0.021296      -0.035609
52.000          13.640         22.500         -0.0052354     -0.013820      -0.020004
52.000          13.640         25.500         -0.0031125     -0.0091054     -0.011569
52.000          13.640         28.500         -0.0019231     -0.0059920     -0.0076100
52.000          16.120         1.5000         0            0            0
52.000          16.120         4.5000         0            0            0
52.000          16.120         7.5000         0            0            0
52.000          16.120         10.500         -0.023069      -0.40398       -0.27819
52.000          16.120         13.500         -0.016706      -0.14109       -0.10179
52.000          16.120         16.500         -0.011028      -0.065643      -0.042967
52.000          16.120         19.500         -0.0064227     -0.035367      -0.022863
52.000          16.120         22.500         -0.0039715     -0.020505      -0.013230
52.000          16.120         25.500         -0.0024870     -0.012252      -0.0070353
52.000          16.120         28.500         -0.0015396     -0.0078054     -0.0057086
52.000          18.600         1.5000         0            0            0
52.000          18.600         4.5000         0            0            0
52.000          18.600         7.5000         0            0            0
52.000          18.600         10.500         -0.012089      -0.46518       0.083101
52.000          18.600         13.500         -0.0086741     -0.16583       0.017407
52.000          18.600         16.500         -0.0063284     -0.076423      -0.0020074
52.000          18.600         19.500         -0.0036946     -0.039453      -0.0043055
52.000          18.600         22.500         -0.0022140     -0.022868      -0.0031239
52.000          18.600         25.500         -0.0020210     -0.014459      -0.0030966
52.000          18.600         28.500         -0.0012822     -0.0094129     -0.0021645
52.000          21.080         1.5000         0            0            0
52.000          21.080         4.5000         0            0            0
52.000          21.080         7.5000         0            0            0
52.000          21.080         10.500         -0.0032389     -0.042973      0.24020
52.000          21.080         13.500         -0.0015947     -0.094197      0.092631
52.000          21.080         16.500         -0.0010883     -0.057836      0.033383
52.000          21.080         19.500         -7.7439E-4     -0.035781      0.013151
52.000          21.080         22.500         -7.0947E-4     -0.022476      0.0070542
52.000          21.080         25.500         -0.0010201     -0.014717      0.0015981
52.000          21.080         28.500         -4.1581E-4     -0.0096452     0.0015377
52.000          23.560         1.5000         0            0            0
52.000          23.560         4.5000         0            0            0
52.000          23.560         7.5000         0            0            0
52.000          23.560         10.500         7.0849E-4      -0.0061755     0.14256
52.000          23.560         13.500         0.0028338      -0.027166      0.094607
52.000          23.560         16.500         0.0022182      -0.030940      0.047737
52.000          23.560         19.500         0.0010766      -0.024521      0.023294
52.000          23.560         22.500         8.1708E-4      -0.017230      0.012063
52.000          23.560         25.500         3.0160E-4      -0.012579      0.0062094
52.000          23.560         28.500         2.5317E-4      -0.0087096     0.0047541
60.000          1.2400         1.5000         -0.010277      0.089053       -7.9804E-4
60.000          1.2400         4.5000         -0.010213      0.083483       -0.0045235
60.000          1.2400         7.5000         -0.0093320     0.073252       -0.0064812
60.000          1.2400         10.500         -0.0066867     0.055182       -0.0054053
60.000          1.2400         13.500         -0.0048973     0.038354       -0.0063345
60.000          1.2400         16.500         -0.0036221     0.027415       -0.0047575
60.000          1.2400         19.500         -0.0018979     0.019405       -0.0021092
60.000          1.2400         22.500         -6.2368E-4     0.012786       -7.8986E-4
60.000          1.2400         25.500         -5.9161E-4     0.0087800      -7.8346E-4
60.000          1.2400         28.500         -3.7430E-4     0.0064798      9.9513E-5
60.000          3.7200         1.5000         -0.032813      0.090858       -0.0030651
60.000          3.7200         4.5000         -0.030888      0.084411       -0.011221
60.000          3.7200         7.5000         -0.026333      0.071466       -0.017715
60.000          3.7200         10.500         -0.020071      0.055924       -0.019546
60.000          3.7200         13.500         -0.013834      0.039002       -0.018199
60.000          3.7200         16.500         -0.0091588     0.025805       -0.014296
60.000          3.7200         19.500         -0.0055997     0.016419       -0.0099509
60.000          3.7200         22.500         -0.0031817     0.0087876      -0.0064228
60.000          3.7200         25.500         -0.0018656     0.0043479      -0.0043086
60.000          3.7200         28.500         -0.0012744     0.0029537      -0.0026190
60.000          6.2000         1.5000         -0.062086      0.10141        -0.0061142
60.000          6.2000         4.5000         -0.057899      0.092723       -0.020818
60.000          6.2000         7.5000         -0.047820      0.076338       -0.031146
60.000          6.2000         10.500         -0.035636      0.056311       -0.034906
60.000          6.2000         13.500         -0.023697      0.035272       -0.031044
60.000          6.2000         16.500         -0.014680      0.021063       -0.023363
60.000          6.2000         19.500         -0.0091315     0.012058       -0.016543
60.000          6.2000         22.500         -0.0053130     0.0060973      -0.010811
60.000          6.2000         25.500         -0.0029588     0.0017248      -0.0067780
60.000          6.2000         28.500         -0.0018375     2.7571E-4      -0.0043147
60.000          8.6800         1.5000         -0.10034       0.11688        -0.0094226
60.000          8.6800         4.5000         -0.094319      0.10548        -0.031071
60.000          8.6800         7.5000         -0.078747      0.085178       -0.049521
60.000          8.6800         10.500         -0.055445      0.054425       -0.056117
60.000          8.6800         13.500         -0.034569      0.026739       -0.046941
60.000          8.6800         16.500         -0.020313      0.011732       -0.033195
60.000          8.6800         19.500         -0.011467      0.0052597      -0.021725
60.000          8.6800         22.500         -0.0065893     0.0016301      -0.013354
60.000          8.6800         25.500         -0.0034151     -3.2490E-4     -0.0079725
60.000          8.6800         28.500         -0.0020864     -0.0017097     -0.0050583
60.000          11.160         1.5000         -0.17513       0.13288        -0.013232
60.000          11.160         4.5000         -0.16177       0.12593        -0.041680
60.000          11.160         7.5000         -0.13455       0.10282        -0.077155
60.000          11.160         10.500         -0.087161      0.048471       -0.092238
60.000          11.160         13.500         -0.045085      0.0080684      -0.065655
60.000          11.160         16.500         -0.023202      -0.0025978     -0.040036
60.000          11.160         19.500         -0.012380      -0.0048193     -0.023377
60.000          11.160         22.500         -0.0069770     -0.0038348     -0.014374
60.000          11.160         25.500         -0.0039148     -0.0037189     -0.0083898
60.000          11.160         28.500         -0.0023985     -0.0034916     -0.0052891
60.000          13.640         1.5000         -0.35454       0.13813        -0.012229
60.000          13.640         4.5000         -0.34881       0.15059        -0.045676
60.000          13.640         7.5000         -0.30791       0.14146        -0.10332
60.000          13.640         10.500         -0.16458       0.017249       -0.18401
60.000          13.640         13.500         -0.050174      -0.033036      -0.079070
60.000          13.640         16.500         -0.021618      -0.023763      -0.037443
60.000          13.640         19.500         -0.010617      -0.014696      -0.020045
60.000          13.640         22.500         -0.0064501     -0.0098517     -0.011993
60.000          13.640         25.500         -0.0035586     -0.0063950     -0.0070727
60.000          13.640         28.500         -0.0021240     -0.0047300     -0.0046571
60.000          16.120         1.5000         -0.28522       -0.49293       -0.0094343
60.000          16.120         4.5000         -0.27004       -0.47150       -0.035493
60.000          16.120         7.5000         -0.23784       -0.42690       -0.084045
60.000          16.120         10.500         -0.11429       -0.22933       -0.13870
60.000          16.120         13.500         -0.032657      -0.087252      -0.048662
60.000          16.120         16.500         -0.013951      -0.042229      -0.022164
60.000          16.120         19.500         -0.0075614     -0.024496      -0.012638
60.000          16.120         22.500         -0.0043349     -0.014706      -0.0069350
60.000          16.120         25.500         -0.0024870     -0.0091023     -0.0039988
60.000          16.120         28.500         -0.0016098     -0.0062767     -0.0031286
60.000          18.600         1.5000         0.054887       -0.53995       -0.0017994
60.000          18.600         4.5000         0.055213       -0.52687       -0.017160
60.000          18.600         7.5000         0.066453       -0.47750       -0.018675
60.000          18.600         10.500         0.051471       -0.29763       0.080984
60.000          18.600         13.500         0.0031277      -0.10334       0.023110
60.000          18.600         16.500         -0.0025695     -0.047740      0.0032977
60.000          18.600         19.500         -0.0021945     -0.025978      -8.5985E-5
60.000          18.600         22.500         -0.0017039     -0.016183      -0.0014990
60.000          18.600         25.500         -9.0441E-4     -0.010502      -6.9433E-4
60.000          18.600         28.500         -7.2836E-4     -0.0071655     -9.0920E-4
60.000          21.080         1.5000         0.20701        0.038344       -0.0013386
60.000          21.080         4.5000         0.20546        0.035585       -0.0022567
60.000          21.080         7.5000         0.21862        0.047606       0.0062410
60.000          21.080         10.500         0.19583        -0.016565      0.29441
60.000          21.080         13.500         0.029621       -0.060168      0.068613
60.000          21.080         16.500         0.0089514      -0.036381      0.024339
60.000          21.080         19.500         0.0031446      -0.023507      0.010153
60.000          21.080         22.500         0.0012231      -0.015679      0.0051841
60.000          21.080         25.500         3.3819E-4      -0.010504      0.0021097
60.000          21.080         28.500         9.0128E-5      -0.0071598     0.0013065
60.000          23.560         1.5000         0.12556        0.061336       3.3095E-4
60.000          23.560         4.5000         0.12263        0.060778       0.0049798
60.000          23.560         7.5000         0.13809        0.073981       0.0095351
60.000          23.560         10.500         0.11230        0.049120       0.093576
60.000          23.560         13.500         0.035549       -0.014091      0.063984
60.000          23.560         16.500         0.014135       -0.019599      0.032194
60.000          23.560         19.500         0.0057222      -0.017005      0.015854
60.000          23.560         22.500         0.0030667      -0.011770      0.0089209
60.000          23.560         25.500         0.0015233      -0.0092744     0.0049677
60.000          23.560         28.500         0.0010152      -0.0065568     0.0036623
68.000          1.2400         1.5000         -0.0078425     0.034780       0.0016106
68.000          1.2400         4.5000         -0.0068942     0.032398       -0.0016489
68.000          1.2400         7.5000         -0.0053525     0.028220       -0.0014797
68.000          1.2400         10.500         -0.0032628     0.023518       -0.0014660
68.000          1.2400         13.500         -0.0021100     0.017375       -0.0013658
68.000          1.2400         16.500         -0.0015631     0.012113       -0.0021304
68.000          1.2400         19.500         -0.0014114     0.0089548      -0.0012217
68.000          1.2400         22.500         -8.3531E-4     0.0066012      -5.0115E-4
68.000          1.2400         25.500         -1.4076E-4     0.0050874      6.3311E-4
68.000          1.2400         28.500         5.4897E-4      0.0035692      7.8485E-4
68.000          3.7200         1.5000         -0.018370      0.030478       -4.4758E-4
68.000          3.7200         4.5000         -0.017521      0.028008       -0.0041001
68.000          3.7200         7.5000         -0.015571      0.024211       -0.0052152
68.000          3.7200         10.500         -0.012606      0.019754       -0.0062430
68.000          3.7200         13.500         -0.0086823     0.014495       -0.0058650
68.000          3.7200         16.500         -0.0061133     0.0098386      -0.0051700
68.000          3.7200         19.500         -0.0043679     0.0065826      -0.0045051
68.000          3.7200         22.500         -0.0026395     0.0045323      -0.0030398
68.000          3.7200         25.500         -0.0013342     0.0029289      -0.0018015
68.000          3.7200         28.500         -6.3230E-4     9.5543E-4      -0.0011584
68.000          6.2000         1.5000         -0.029743      0.022651       -0.0015086
68.000          6.2000         4.5000         -0.027855      0.021782       -0.0058573
68.000          6.2000         7.5000         -0.024026      0.018254       -0.0083218
68.000          6.2000         10.500         -0.019715      0.014307       -0.010146
68.000          6.2000         13.500         -0.014098      0.010379       -0.0095383
68.000          6.2000         16.500         -0.0091928     0.0063993      -0.0078386
68.000          6.2000         19.500         -0.0060879     0.0037905      -0.0061430
68.000          6.2000         22.500         -0.0035845     0.0023975      -0.0042714
68.000          6.2000         25.500         -0.0021723     6.9451E-4      -0.0029728
68.000          6.2000         28.500         -0.0012625     -5.7487E-4     -0.0022606
68.000          8.6800         1.5000         -0.040546      0.011803       -0.0021871
68.000          8.6800         4.5000         -0.039254      0.011685       -0.0078970
68.000          8.6800         7.5000         -0.033011      0.0099710      -0.011998
68.000          8.6800         10.500         -0.024937      0.0069380      -0.013085
68.000          8.6800         13.500         -0.017307      0.0042027      -0.011803
68.000          8.6800         16.500         -0.011878      0.0021604      -0.010512
68.000          8.6800         19.500         -0.0068981     3.1707E-4      -0.0068034
68.000          8.6800         22.500         -0.0043336     -2.7943E-4     -0.0050018
68.000          8.6800         25.500         -0.0025091     -0.0010257     -0.0034121
68.000          8.6800         28.500         -0.0015876     -0.0014441     -0.0026945
68.000          11.160         1.5000         -0.048059      -0.0042439     -0.0021338
68.000          11.160         4.5000         -0.045532      -0.0029294     -0.0088207
68.000          11.160         7.5000         -0.037532      -0.0036938     -0.013067
68.000          11.160         10.500         -0.028193      -0.0048471     -0.014607
68.000          11.160         13.500         -0.018571      -0.0054547     -0.013457
68.000          11.160         16.500         -0.012648      -0.0037017     -0.011436
68.000          11.160         19.500         -0.0074149     -0.0030336     -0.0076299
68.000          11.160         22.500         -0.0046207     -0.0031311     -0.0051818
68.000          11.160         25.500         -0.0025184     -0.0024429     -0.0032178
68.000          11.160         28.500         -0.0016549     -0.0021412     -0.0025145
68.000          13.640         1.5000         -0.044172      -0.024539      -0.0020647
68.000          13.640         4.5000         -0.042681      -0.024018      -0.0082461
68.000          13.640         7.5000         -0.035274      -0.021300      -0.012850
68.000          13.640         10.500         -0.025917      -0.018057      -0.013797
68.000          13.640         13.500         -0.016757      -0.013384      -0.011876
68.000          13.640         16.500         -0.010613      -0.010594      -0.0092693
68.000          13.640         19.500         -0.0061970     -0.0072935     -0.0062402
68.000          13.640         22.500         -0.0038645     -0.0057013     -0.0043223
68.000          13.640         25.500         -0.0023398     -0.0041682     -0.0026133
68.000          13.640         28.500         -0.0014408     -0.0031408     -0.0020391
68.000          16.120         1.5000         -0.029455      -0.041268      -0.0017934
68.000          16.120         4.5000         -0.026788      -0.039602      -0.0059708
68.000          16.120         7.5000         -0.021851      -0.035400      -0.0089454
68.000          16.120         10.500         -0.014767      -0.028504      -0.0086420
68.000          16.120         13.500         -0.0099017     -0.021806      -0.0078547
68.000          16.120         16.500         -0.0065165     -0.015151      -0.0061306
68.000          16.120         19.500         -0.0033223     -0.010057      -0.0030024
68.000          16.120         22.500         -0.0024418     -0.0074840     -0.0028582
68.000          16.120         25.500         -0.0014725     -0.0053596     -0.0014779
68.000          16.120         28.500         -8.8719E-4     -0.0039688     -0.0011132
68.000          18.600         1.5000         -0.0031980     -0.045781      -2.6859E-4
68.000          18.600         4.5000         -0.0017316     -0.045794      -0.0019556
68.000          18.600         7.5000         -8.2260E-4     -0.038976      -0.0033111
68.000          18.600         10.500         -1.3309E-4     -0.031799      -0.0023955
68.000          18.600         13.500         5.0663E-4      -0.024216      -0.0010699
68.000          18.600         16.500         -7.7201E-4     -0.016732      -0.0010454
68.000          18.600         19.500         -1.7515E-4     -0.011836      -1.1154E-4
68.000          18.600         22.500         -4.0947E-4     -0.0085801     -3.7368E-4
68.000          18.600         25.500         -3.1151E-4     -0.0059174     -9.5871E-5
68.000          18.600         28.500         -1.0196E-4     -0.0043695     -2.2232E-5
68.000          21.080         1.5000         0.016282       -0.038126      -2.1938E-4
68.000          21.080         4.5000         0.016543       -0.035567      1.7307E-5
68.000          21.080         7.5000         0.017166       -0.032546      0.0014297
68.000          21.080         10.500         0.013390       -0.026415      0.0034429
68.000          21.080         13.500         0.0090169      -0.020122      0.0045232
68.000          21.080         16.500         0.0047420      -0.014883      0.0033842
68.000          21.080         19.500         0.0027686      -0.011422      0.0028810
68.000          21.080         22.500         0.0015597      -0.0083980     0.0021573
68.000          21.080         25.500         9.5270E-4      -0.0062306     0.0016002
68.000          21.080         28.500         5.8787E-4      -0.0047137     0.0011525
68.000          23.560         1.5000         0.027446       -0.023841      7.1705E-4
68.000          23.560         4.5000         0.026961       -0.022364      0.0025388
68.000          23.560         7.5000         0.025368       -0.018971      0.0048946
68.000          23.560         10.500         0.020816       -0.016870      0.0078404
68.000          23.560         13.500         0.013712       -0.013916      0.0079896
68.000          23.560         16.500         0.0082250      -0.011742      0.0064263
68.000          23.560         19.500         0.0051983      -0.0091311     0.0052676
68.000          23.560         22.500         0.0032359      -0.0070987     0.0038840
68.000          23.560         25.500         0.0019735      -0.0052684     0.0027433
68.000          23.560         28.500         0.0013024      -0.0042549     0.0021343
76.000          1.2400         1.5000         -0.0010169     0.0085868      7.8000E-4
76.000          1.2400         4.5000         -0.0010960     0.0075867      -3.8155E-4
76.000          1.2400         7.5000         -3.7708E-4     0.0056809      -5.7129E-4
76.000          1.2400         10.500         -6.5880E-4     0.0045362      -6.8348E-4
76.000          1.2400         13.500         -5.2729E-5     0.0043733      -1.9724E-5
76.000          1.2400         16.500         -3.8613E-4     0.0034125      -3.2378E-4
76.000          1.2400         19.500         -6.0163E-4     0.0031109      -5.6400E-4
76.000          1.2400         22.500         -5.4359E-4     0.0016768      -6.5390E-4
76.000          1.2400         25.500         -5.8921E-4     3.9828E-4      -4.2692E-4
76.000          1.2400         28.500         1.8190E-4      7.9625E-4      1.7746E-4
76.000          3.7200         1.5000         -0.0055867     0.0065691      7.6629E-4
76.000          3.7200         4.5000         -0.0051167     0.0060377      -0.0013291
76.000          3.7200         7.5000         -0.0043358     0.0054950      -0.0015374
76.000          3.7200         10.500         -0.0038011     0.0045504      -0.0014889
76.000          3.7200         13.500         -0.0029649     0.0034965      -0.0015132
76.000          3.7200         16.500         -0.0025066     0.0025746      -0.0013572
76.000          3.7200         19.500         -0.0019579     0.0021478      -9.9418E-4
76.000          3.7200         22.500         -0.0013745     0.0012424      -0.0010018
76.000          3.7200         25.500         -9.4690E-4     4.2641E-4      -8.4875E-4
76.000          3.7200         28.500         -5.5636E-4     8.3279E-5      -5.1053E-4
76.000          6.2000         1.5000         -0.0095767     0.0041214      9.4508E-4
76.000          6.2000         4.5000         -0.0086431     0.0035415      -0.0011353
76.000          6.2000         7.5000         -0.0068689     0.0033532      -0.0017370
76.000          6.2000         10.500         -0.0059749     0.0025631      -0.0020389
76.000          6.2000         13.500         -0.0047303     0.0016936      -0.0022327
76.000          6.2000         16.500         -0.0036153     9.5278E-4      -0.0021466
76.000          6.2000         19.500         -0.0026908     4.0820E-4      -0.0016219
76.000          6.2000         22.500         -0.0018357     5.3502E-5      -0.0013608
76.000          6.2000         25.500         -0.0012230     -2.4345E-4     -0.0010836
76.000          6.2000         28.500         -7.3311E-4     -5.8031E-4     -6.5945E-4
76.000          8.6800         1.5000         -0.010541      0.0013781      6.6187E-4
76.000          8.6800         4.5000         -0.010105      9.1182E-4      -0.0013129
76.000          8.6800         7.5000         -0.0084268     2.9431E-4      -0.0019973
76.000          8.6800         10.500         -0.0067265     2.8521E-4      -0.0025128
76.000          8.6800         13.500         -0.0052506     -5.5968E-4     -0.0025650
76.000          8.6800         16.500         -0.0038543     -0.0011024     -0.0023973
76.000          8.6800         19.500         -0.0028336     -0.0010270     -0.0019902
76.000          8.6800         22.500         -0.0019034     -8.7334E-4     -0.0013741
76.000          8.6800         25.500         -0.0012283     -0.0010128     -0.0010799
76.000          8.6800         28.500         -7.6327E-4     -0.0012476     -7.2554E-4
76.000          11.160         1.5000         -0.010109      -0.0022198     2.9734E-4
76.000          11.160         4.5000         -0.0096536     -0.0032027     -0.0013094
76.000          11.160         7.5000         -0.0086899     -0.0034397     -0.0021952
76.000          11.160         10.500         -0.0068836     -0.0028824     -0.0028290
76.000          11.160         13.500         -0.0051135     -0.0027932     -0.0026117
76.000          11.160         16.500         -0.0036681     -0.0024972     -0.0023688
76.000          11.160         19.500         -0.0026574     -0.0024453     -0.0017774
76.000          11.160         22.500         -0.0017091     -0.0017806     -0.0012982
76.000          11.160         25.500         -0.0010719     -0.0018429     -0.0010117
76.000          11.160         28.500         -6.1295E-4     -0.0017339     -6.1199E-4
76.000          13.640         1.5000         -0.0086613     -0.0062987     2.1530E-4
76.000          13.640         4.5000         -0.0080257     -0.0064673     -0.0010042
76.000          13.640         7.5000         -0.0072457     -0.0061171     -0.0021146
76.000          13.640         10.500         -0.0057700     -0.0055433     -0.0025104
76.000          13.640         13.500         -0.0043978     -0.0047457     -0.0022154
76.000          13.640         16.500         -0.0029851     -0.0036552     -0.0021298
76.000          13.640         19.500         -0.0021495     -0.0033664     -0.0016484
76.000          13.640         22.500         -0.0014018     -0.0028314     -0.0012961
76.000          13.640         25.500         -7.6347E-4     -0.0025113     -7.7372E-4
76.000          13.640         28.500         -4.1594E-4     -0.0021531     -3.9365E-4
76.000          16.120         1.5000         -0.0050151     -0.0093444     -1.6439E-4
76.000          16.120         4.5000         -0.0050397     -0.0091342     -8.6877E-4
76.000          16.120         7.5000         -0.0044199     -0.0084019     -0.0015493
76.000          16.120         10.500         -0.0033504     -0.0076730     -0.0016143
76.000          16.120         13.500         -0.0025945     -0.0064827     -0.0012758
76.000          16.120         16.500         -0.0018147     -0.0053948     -0.0012229
76.000          16.120         19.500         -0.0011459     -0.0045374     -9.3094E-4
76.000          16.120         22.500         -7.4435E-4     -0.0037187     -7.1078E-4
76.000          16.120         25.500         -4.4509E-4     -0.0029811     -4.2191E-4
76.000          16.120         28.500         -1.9376E-4     -0.0024425     -1.5810E-4
76.000          18.600         1.5000         -0.0016795     -0.010960      -2.5649E-4
76.000          18.600         4.5000         -0.0016691     -0.010622      -4.6411E-4
76.000          18.600         7.5000         -0.0011226     -0.0096519     -6.8757E-4
76.000          18.600         10.500         -7.6606E-4     -0.0086065     -7.6698E-4
76.000          18.600         13.500         -4.3476E-4     -0.0073870     -3.8960E-4
76.000          18.600         16.500         -2.6694E-4     -0.0060480     -2.6716E-4
76.000          18.600         19.500         2.0003E-5      -0.0049524     -7.2615E-5
76.000          18.600         22.500         1.5235E-4      -0.0040088     6.4319E-6
76.000          18.600         25.500         1.6010E-4      -0.0032795     1.3311E-4
76.000          18.600         28.500         2.5232E-4      -0.0027087     3.1344E-4
76.000          21.080         1.5000         0.0021044      -0.010967      -9.8719E-5
76.000          21.080         4.5000         0.0020555      -0.010725      1.6194E-5
76.000          21.080         7.5000         0.0019518      -0.0098790     1.1034E-4
76.000          21.080         10.500         0.0021673      -0.0083426     1.9367E-4
76.000          21.080         13.500         0.0017847      -0.0072114     5.1968E-4
76.000          21.080         16.500         0.0013635      -0.0062585     6.3521E-4
76.000          21.080         19.500         0.0010342      -0.0052421     7.4528E-4
76.000          21.080         22.500         9.9734E-4      -0.0041981     6.7198E-4
76.000          21.080         25.500         8.5024E-4      -0.0032988     7.5808E-4
76.000          21.080         28.500         7.3104E-4      -0.0027094     8.0503E-4
76.000          23.560         1.5000         0.0056985      -0.0089547     -8.8543E-6
76.000          23.560         4.5000         0.0053131      -0.0089561     4.4910E-4
76.000          23.560         7.5000         0.0048988      -0.0084225     8.5043E-4
76.000          23.560         10.500         0.0045194      -0.0072899     0.0011870
76.000          23.560         13.500         0.0037797      -0.0063842     0.0013803
76.000          23.560         16.500         0.0029091      -0.0055614     0.0014965
76.000          23.560         19.500         0.0021883      -0.0047967     0.0015233
76.000          23.560         22.500         0.0018484      -0.0039009     0.0014217
76.000          23.560         25.500         0.0014708      -0.0031298     0.0013343
76.000          23.560         28.500         0.0011522      -0.0026206     0.0011929
